C 6.0	 -5.25115521	 7.07481844	 0.12189723	 12.01100000
C 6.0	 -7.27640412	 4.92833456	 0.03942297	 12.01100000
C 6.0	 -5.96365845	 2.80131860	 -0.03511409	 12.01100000
C 6.0	 -3.29994671	 3.27712644	 -0.09925238	 12.01100000
C 6.0	 -2.81708687	 5.83560583	 0.10063165	  1.00800000
C 6.0	 -6.07968867	 9.53261238	 -0.08059371	  1.00800000
H 1.0	 -8.12768348	 10.10137808	 -0.45534659	  1.00800000
H 1.0	 -4.84591286	 10.96731552	 -0.13272620	  1.00800000
H 1.0	 -9.39009616	 5.05087410	 0.02286850	 12.01100000
H 1.0	 -7.02760318	 0.79892764	 0.26234085	 12.01100000
H 1.0	 -1.82052324	 1.65256522	 -0.43791834	  1.00800000
H 1.0	 -0.85146393	 6.48340417	 0.18126005	  1.00800000
