C 6.0	 -5.30132786	 7.03639976	 -0.24004159	 12.01100000
C 6.0	 -7.21275583	 4.89029438	 0.03571913	 12.01100000
C 6.0	 -6.14477371	 2.63874600	 0.00075521	 12.01100000
C 6.0	 -3.26706067	 3.34574398	 -0.00746531	 12.01100000
C 6.0	 -2.83480795	 5.90456536	 0.06655188	  1.00800000
C 6.0	 -5.98488686	 9.57166525	 0.03858926	  1.00800000
H 1.0	 -7.98525984	 10.03291836	 0.73375165	  1.00800000
H 1.0	 -4.60494408	 10.94363568	 -0.11127021	  1.00800000
H 1.0	 -9.49144345	 5.09826537	 0.24589231	 12.01100000
H 1.0	 -6.72090861	 0.77098518	 -0.10811989	 12.01100000
H 1.0	 -1.79862487	 1.91888959	 0.33216750	  1.00800000
H 1.0	 -0.77540133	 7.03277478	 0.16840953	  1.00800000
