C 6.0	 -5.35384926	 7.01397312	 -0.08743973	 12.01100000
C 6.0	 -7.23924347	 4.97853840	 -0.02537038	 12.01100000
C 6.0	 -5.93358248	 2.73504923	 0.05765637	 12.01100000
C 6.0	 -3.25857954	 3.35812187	 -0.00793791	 12.01100000
C 6.0	 -2.99388486	 5.75732879	 -0.03319726	  1.00800000
C 6.0	 -5.95150825	 9.53739465	 0.04066973	  1.00800000
H 1.0	 -8.15848450	 10.07732147	 0.14882668	  1.00800000
H 1.0	 -4.53140518	 11.24974843	 0.03901954	  1.00800000
H 1.0	 -9.38679576	 5.10598556	 0.07858663	 12.01100000
H 1.0	 -6.76192915	 0.85172951	 -0.04402075	 12.01100000
H 1.0	 -1.72214544	 1.79180049	 0.08063169	  1.00800000
H 1.0	 -0.99400807	 6.80433449	 0.35920427	  1.00800000
