C 6.0	 -5.51593889	 7.04179082	 0.07831621	 12.01100000
C 6.0	 -7.27342289	 4.90627234	 0.02858600	 12.01100000
C 6.0	 -5.88938062	 2.66994505	 -0.03247825	 12.01100000
C 6.0	 -3.32168622	 3.39441372	 0.01926193	 12.01100000
C 6.0	 -2.84367976	 5.83016233	 0.04535467	  1.00800000
C 6.0	 -5.93203635	 9.52666446	 -0.13546300	  1.00800000
H 1.0	 -8.22783759	 10.36469311	 -0.03458501	  1.00800000
H 1.0	 -3.88997234	 10.49973164	 0.64776698	  1.00800000
H 1.0	 -9.11873887	 5.61707506	 0.07246241	 12.01100000
H 1.0	 -6.63024954	 0.93060877	 -0.02838384	 12.01100000
H 1.0	 -1.88855425	 1.75200795	 -0.40073854	  1.00800000
H 1.0	 -1.25769206	 6.84965202	 -0.29911949	  1.00800000
