C 6.0	 -5.48142555	 7.07799316	 0.03136265	 12.01100000
C 6.0	 -7.18603366	 4.98698708	 0.02845423	 12.01100000
C 6.0	 -5.98226881	 2.54265325	 -0.01601744	 12.01100000
C 6.0	 -3.25508330	 3.41283276	 0.06857423	 12.01100000
C 6.0	 -2.96107792	 5.85680198	 -0.07405665	  1.00800000
C 6.0	 -5.92341022	 9.51956380	 -0.01146787	  1.00800000
H 1.0	 -7.58317897	 10.53672797	 0.14336832	  1.00800000
H 1.0	 -4.36021951	 10.87145094	 -0.02493268	  1.00800000
H 1.0	 -9.22897878	 5.03219477	 -0.10636185	 12.01100000
H 1.0	 -6.77570372	 0.74125479	 -0.42495345	 12.01100000
H 1.0	 -1.79759071	 1.83063207	 0.18830842	  1.00800000
H 1.0	 -1.11074178	 6.67307842	 -0.09511710	  1.00800000
