C 6.0	 -5.37052121	 7.06102792	 0.03423258	 12.01100000
C 6.0	 -7.31244632	 5.01536634	 0.00222654	 12.01100000
C 6.0	 -5.96998565	 2.76515985	 -0.02909269	 12.01100000
C 6.0	 -3.20171017	 3.25484598	 0.02803884	 12.01100000
C 6.0	 -2.86670377	 5.75444516	 -0.01474773	  1.00800000
C 6.0	 -6.05053829	 9.50799297	 -0.07047431	  1.00800000
H 1.0	 -7.99049338	 10.35990411	 0.34525203	  1.00800000
H 1.0	 -4.52259784	 11.01924232	 0.44228570	  1.00800000
H 1.0	 -9.16480845	 5.29377608	 -0.16901071	 12.01100000
H 1.0	 -6.42129620	 0.85973258	 0.16751161	 12.01100000
H 1.0	 -1.77698159	 1.76300980	 0.08641468	  1.00800000
H 1.0	 -1.18734410	 6.84205988	 -0.27929346	  1.00800000
