C 6.0	 -5.47053108	 7.01862838	 -0.04779392	 12.01100000
C 6.0	 -7.31196609	 5.01329279	 0.01297904	 12.01100000
C 6.0	 -5.93505267	 2.73165888	 -0.00423302	 12.01100000
C 6.0	 -3.26584948	 3.33478845	 0.03443814	 12.01100000
C 6.0	 -2.83928623	 5.92548669	 0.07741447	  1.00800000
C 6.0	 -5.93371403	 9.38289109	 0.02611186	  1.00800000
H 1.0	 -7.89795844	 9.98758144	 -0.23278911	  1.00800000
H 1.0	 -4.22909463	 10.62925765	 0.20348912	  1.00800000
H 1.0	 -9.52685700	 5.47252172	 0.00725816	 12.01100000
H 1.0	 -6.65684088	 0.71398397	 -0.24509227	 12.01100000
H 1.0	 -2.03729600	 1.72141219	 -0.05280123	  1.00800000
H 1.0	 -0.90009986	 7.04253454	 -0.85784727	  1.00800000
