C 6.0	 -5.38572399	 7.09699594	 0.12917728	 12.01100000
C 6.0	 -7.12418152	 4.90652512	 0.00642500	 12.01100000
C 6.0	 -5.92581433	 2.73817099	 0.02713157	 12.01100000
C 6.0	 -3.34062139	 3.27543712	 -0.08777763	 12.01100000
C 6.0	 -2.92189827	 5.79349397	 -0.00741665	  1.00800000
C 6.0	 -6.08859299	 9.51449930	 -0.07847195	  1.00800000
H 1.0	 -7.76575607	 10.19970727	 -0.45441637	  1.00800000
H 1.0	 -4.42898088	 10.89849883	 0.37992505	  1.00800000
H 1.0	 -8.84902742	 5.80383294	 0.06979863	 12.01100000
H 1.0	 -6.86804243	 0.79616363	 -0.11326457	 12.01100000
H 1.0	 -2.05599250	 1.90754655	 0.13841283	  1.00800000
H 1.0	 -0.91798795	 6.93342346	 0.10971454	  1.00800000
