C 6.0	 -5.48311649	 7.07498140	 0.01786197	 12.01100000
C 6.0	 -7.24570447	 5.01279296	 0.01795533	 12.01100000
C 6.0	 -5.94381905	 2.70507492	 -0.04284943	 12.01100000
C 6.0	 -3.13166472	 3.23981222	 0.10254476	 12.01100000
C 6.0	 -2.92106601	 5.75468342	 -0.11031723	  1.00800000
C 6.0	 -5.99134886	 9.56940145	 -0.03141583	  1.00800000
H 1.0	 -7.76073486	 9.85379191	 0.17388392	  1.00800000
H 1.0	 -4.69509010	 11.31041495	 0.50317343	  1.00800000
H 1.0	 -9.15006030	 5.16399964	 -0.08966939	 12.01100000
H 1.0	 -7.24018018	 1.19274347	 -0.07524358	 12.01100000
H 1.0	 -1.75148518	 1.84065382	 0.19156082	  1.00800000
H 1.0	 -1.12305895	 6.80102811	 -0.15336639	  1.00800000
