12
tmp.pdb
C         -0.23400       -2.60600        0.00000
C          2.32600       -2.53600        0.00000
C          3.15200        0.13600       -0.00000
C          1.07900        1.63900       -0.00000
H         -1.41400       -4.25400        0.00000
H          3.57800       -4.13000        0.00000
H          5.08600        0.74500       -0.00000
H          1.03500        3.66500       -0.00000
C         -1.18400        0.01300        0.00000
C         -3.61900        0.76700        0.00000
H         -4.12200        2.73500        0.00000
H         -5.14600       -0.57400        0.00000
