C     -0.233613400     -2.606319370      0.000024920
C      2.325533180     -2.535518370      0.000003570
C      3.151791770      0.136163860     -0.000043650
C      1.079419650      1.639333470     -0.000032130
H     -1.414214210     -4.253593490      0.000129350
H      3.578060170     -4.129616180      0.000047400
H      5.085563080      0.744851390     -0.000181250
H      1.034888570      3.665499000     -0.000087660
C     -1.184087430      0.013494270      0.000025440
C     -3.619385410      0.766646350      0.000089270
H     -4.122270620      2.734978950     -0.000092800
H     -5.145661520     -0.574140130      0.000338580
