C 6.0	 -5.51715725	 6.92678809	 -0.11220472	 12.01100000
C 6.0	 -7.35350367	 4.94175517	 -0.00221273	 12.01100000
C 6.0	 -5.90340114	 2.81294677	 -0.03105429	 12.01100000
C 6.0	 -3.26590386	 3.33282660	 -0.05905765	 12.01100000
C 6.0	 -2.85843527	 5.93877130	 -0.01311253	  1.00800000
C 6.0	 -5.86193336	 9.43943278	 0.04028142	  1.00800000
H 1.0	 -7.82747088	 9.91526729	 0.24260241	  1.00800000
H 1.0	 -4.15587651	 10.68231571	 0.13041827	  1.00800000
H 1.0	 -9.42373453	 5.33832701	 0.28740897	 12.01100000
H 1.0	 -6.87832170	 0.91957845	 0.39896434	 12.01100000
H 1.0	 -1.73193498	 1.81188006	 0.75466266	  1.00800000
H 1.0	 -1.18395506	 7.06930457	 0.29774455	  1.00800000
